Generated genes:
[2, 8, 23, 17, 2, 18, 23, 4, 18, 9]:bhwqbrwdri
[14, 6, 9, 25, 3, 3, 4, 12, 5, 22]:nfiyccdlev
[6, 18, 19, 25, 20, 15, 4, 25, 19, 20]:frsytodyst
[3, 5, 6, 9, 14, 25, 26, 23, 4, 20]:cefinyzwdt
[26, 25, 1, 5, 11, 2, 26, 7, 11, 14]:zyaekbzgkn
[11, 8, 2, 1, 14, 3, 11, 18, 14, 15]:khbanckrno
[1, 7, 6, 18, 6, 19, 11, 20, 18, 19]:agfrfsktrs
[31, 7, 1, 29, 16, 10, 14, 33, 31, 4]:4ga2pjn64d
[6, 14, 28, 29, 8, 24, 2, 36, 16, 19]:fn12hxb9ps
[]:
[]:
[17, 29, 1, 28, 35, 25, 4, 14, 8, 10]:q2a18ydnhj
[14, 19, 29, 22, 36, 25, 10, 8, 18, 21]:ns2v9yjhru